128 128
2.707497e-312
6.324040e-322
9.881313e-324
9.881313e-324
1.358077e-312
1.379297e-312
6.422853e-322
7.937058e-317
3.162020e-322
6.930014e-310
2.087427e-320
3.211427e-322
7.920355e-317
7.903651e-317
3.211427e-322
-7.414275e-02
7.874016e-03
9.980884e-01
6.953142e-310
8.487985e-314
6.365987e-314
0.000000e+00
7.898924e-317
7.901446e-317
6.953142e-310
6.930140e-310
4.243992e-314
-5.486124e+303
0.000000e+00
0.000000e+00
2.121996e-314
3.882098e-265
0.000000e+00
0.000000e+00
0.000000e+00
0.000000e+00
0.000000e+00
0.000000e+00
0.000000e+00
0.000000e+00
0.000000e+00
0.000000e+00
0.000000e+00
2.113707e-314
0.000000e+00
0.000000e+00
4.940656e-324
-2.490219e-141
0.000000e+00
0.000000e+00
2.076538e-317
6.953142e-310
0.000000e+00
0.000000e+00
2.076902e-317
6.930139e-310
0.000000e+00
6.953142e-310
8.487983e-314
2.074088e-317
0.000000e+00
-1.403044e-174
2.076538e-317
6.953142e-310
0.000000e+00
0.000000e+00
3.436367e+174
1.935159e+178
6.952931e-310
0.000000e+00
0.000000e+00
2.076957e-317
6.930140e-310
6.930140e-310
0.000000e+00
0.000000e+00
2.076538e-317
6.953142e-310
0.000000e+00
2.076558e-317
6.953142e-310
1.383384e-322
1.976263e-323
6.953142e-310
6.953142e-310
6.953142e-310
6.953142e-310
0.000000e+00
6.953142e-310
6.953142e-310
6.953142e-310
6.953142e-310
6.953142e-310
6.953142e-310
6.953142e-310
6.953142e-310
6.953142e-310
6.953142e-310
6.953142e-310
6.953142e-310
6.953142e-310
6.953142e-310
6.953142e-310
6.953142e-310
6.953142e-310
6.953142e-310
6.953142e-310
6.953142e-310
6.953142e-310
6.953142e-310
6.953142e-310
6.953142e-310
6.953142e-310
6.953142e-310
6.953142e-310
6.953142e-310
6.953142e-310
6.953142e-310
6.953142e-310
6.953142e-310
6.953142e-310
6.953142e-310
6.953142e-310
6.953142e-310
6.953142e-310
6.953142e-310
6.953142e-310
6.953142e-310
6.953142e-310
6.953142e-310
6.953142e-310
6.953142e-310
6.953142e-310
6.953142e-310
6.953142e-310
6.953142e-310
6.953142e-310
6.953142e-310
6.953142e-310
6.953142e-310
6.953142e-310
6.953142e-310
6.953142e-310
6.953142e-310
6.953142e-310
6.953142e-310
6.953142e-310
6.953142e-310
6.953142e-310
6.953142e-310
6.953142e-310
6.953142e-310
6.953142e-310
6.953142e-310
6.953142e-310
6.953142e-310
6.953142e-310
6.953142e-310
6.953142e-310
6.953142e-310
6.953142e-310
6.953142e-310
6.953142e-310
6.953142e-310
6.953142e-310
6.953142e-310
6.953142e-310
6.953142e-310
6.953142e-310
6.953142e-310
6.953142e-310
6.953142e-310
6.953142e-310
6.953142e-310
6.953142e-310
6.953142e-310
6.953142e-310
6.953142e-310
6.953142e-310
6.953142e-310
6.953142e-310
6.953142e-310
6.953142e-310
6.953142e-310
6.953142e-310
6.953142e-310
6.953142e-310
6.953142e-310
6.953142e-310
6.953142e-310
6.953142e-310
6.953142e-310
6.953142e-310
0.000000e+00
1.630417e-322
6.953142e-310
7.905050e-323
1.590849e-314
2.964394e-323
2.023693e-320
8.399116e-323
4.940656e-322
1.482197e-323
2.072293e-317
1.976263e-323
2.766768e-322
2.470328e-323
4.446591e-323
3.458460e-323
6.930140e-310
3.952525e-323
0.000000e+00
4.446591e-323
2.076538e-317
5.434722e-323
4.940656e-321
5.928788e-323
4.940656e-321
6.422853e-323
4.940656e-321
6.916919e-323
4.940656e-321
1.136351e-322
0.000000e+00
1.235164e-322
6.953142e-310
1.531604e-322
6.953142e-310
7.410985e-323
6.953142e-310
0.000000e+00
0.000000e+00
0.000000e+00
-2.778876e-08
-3.535817e-124
1.124352e-307
0.000000e+00
0.000000e+00
0.000000e+00
0.000000e+00
0.000000e+00
0.000000e+00
0.000000e+00
0.000000e+00
0.000000e+00
0.000000e+00
0.000000e+00
0.000000e+00
0.000000e+00
0.000000e+00
0.000000e+00
0.000000e+00
0.000000e+00
0.000000e+00
0.000000e+00
0.000000e+00
0.000000e+00
0.000000e+00
0.000000e+00
0.000000e+00
0.000000e+00
0.000000e+00
0.000000e+00
0.000000e+00
0.000000e+00
0.000000e+00
0.000000e+00
0.000000e+00
0.000000e+00
0.000000e+00
0.000000e+00
0.000000e+00
0.000000e+00
0.000000e+00
0.000000e+00
0.000000e+00
0.000000e+00
0.000000e+00
0.000000e+00
0.000000e+00
0.000000e+00
0.000000e+00
0.000000e+00
0.000000e+00
0.000000e+00
0.000000e+00
0.000000e+00
0.000000e+00
0.000000e+00
0.000000e+00
0.000000e+00
0.000000e+00
0.000000e+00
0.000000e+00
0.000000e+00
0.000000e+00
0.000000e+00
0.000000e+00
0.000000e+00
0.000000e+00
0.000000e+00
0.000000e+00
0.000000e+00
0.000000e+00
0.000000e+00
0.000000e+00
0.000000e+00
0.000000e+00
0.000000e+00
0.000000e+00
0.000000e+00
0.000000e+00
0.000000e+00
0.000000e+00
0.000000e+00
0.000000e+00
0.000000e+00
0.000000e+00
0.000000e+00
0.000000e+00
0.000000e+00
0.000000e+00
0.000000e+00
0.000000e+00
0.000000e+00
0.000000e+00
0.000000e+00
0.000000e+00
0.000000e+00
0.000000e+00
0.000000e+00
0.000000e+00
0.000000e+00
0.000000e+00
0.000000e+00
0.000000e+00
0.000000e+00
0.000000e+00
0.000000e+00
0.000000e+00
0.000000e+00
0.000000e+00
0.000000e+00
0.000000e+00
0.000000e+00
0.000000e+00
0.000000e+00
0.000000e+00
0.000000e+00
0.000000e+00
0.000000e+00
0.000000e+00
0.000000e+00
0.000000e+00
0.000000e+00
0.000000e+00
0.000000e+00
0.000000e+00
0.000000e+00
0.000000e+00
0.000000e+00
0.000000e+00
0.000000e+00
0.000000e+00
0.000000e+00
0.000000e+00
0.000000e+00
0.000000e+00
0.000000e+00
0.000000e+00
0.000000e+00
0.000000e+00
0.000000e+00
0.000000e+00
0.000000e+00
0.000000e+00
0.000000e+00
0.000000e+00
0.000000e+00
0.000000e+00
0.000000e+00
0.000000e+00
0.000000e+00
0.000000e+00
0.000000e+00
0.000000e+00
0.000000e+00
0.000000e+00
0.000000e+00
0.000000e+00
0.000000e+00
0.000000e+00
0.000000e+00
0.000000e+00
0.000000e+00
0.000000e+00
0.000000e+00
0.000000e+00
0.000000e+00
0.000000e+00
0.000000e+00
0.000000e+00
0.000000e+00
0.000000e+00
0.000000e+00
0.000000e+00
0.000000e+00
0.000000e+00
0.000000e+00
0.000000e+00
0.000000e+00
0.000000e+00
0.000000e+00
0.000000e+00
0.000000e+00
0.000000e+00
0.000000e+00
0.000000e+00
0.000000e+00
0.000000e+00
0.000000e+00
0.000000e+00
0.000000e+00
0.000000e+00
0.000000e+00
0.000000e+00
0.000000e+00
0.000000e+00
0.000000e+00
0.000000e+00
0.000000e+00
0.000000e+00
0.000000e+00
0.000000e+00
0.000000e+00
0.000000e+00
0.000000e+00
0.000000e+00
0.000000e+00
0.000000e+00
0.000000e+00
0.000000e+00
0.000000e+00
0.000000e+00
0.000000e+00
0.000000e+00
0.000000e+00
0.000000e+00
0.000000e+00
0.000000e+00
0.000000e+00
0.000000e+00
0.000000e+00
0.000000e+00
0.000000e+00
0.000000e+00
0.000000e+00
0.000000e+00
0.000000e+00
0.000000e+00
0.000000e+00
0.000000e+00
0.000000e+00
0.000000e+00
0.000000e+00
0.000000e+00
0.000000e+00
0.000000e+00
0.000000e+00
0.000000e+00
0.000000e+00
0.000000e+00
0.000000e+00
0.000000e+00
0.000000e+00
0.000000e+00
0.000000e+00
0.000000e+00
0.000000e+00
0.000000e+00
0.000000e+00
0.000000e+00
0.000000e+00
0.000000e+00
0.000000e+00
0.000000e+00
0.000000e+00
0.000000e+00
0.000000e+00
0.000000e+00
0.000000e+00
0.000000e+00
0.000000e+00
0.000000e+00
0.000000e+00
0.000000e+00
0.000000e+00
0.000000e+00
0.000000e+00
0.000000e+00
0.000000e+00
0.000000e+00
0.000000e+00
0.000000e+00
0.000000e+00
0.000000e+00
0.000000e+00
0.000000e+00
0.000000e+00
0.000000e+00
0.000000e+00
0.000000e+00
0.000000e+00
0.000000e+00
0.000000e+00
0.000000e+00
0.000000e+00
0.000000e+00
0.000000e+00
0.000000e+00
0.000000e+00
0.000000e+00
0.000000e+00
0.000000e+00
0.000000e+00
0.000000e+00
0.000000e+00
0.000000e+00
0.000000e+00
0.000000e+00
0.000000e+00
0.000000e+00
0.000000e+00
0.000000e+00
0.000000e+00
0.000000e+00
0.000000e+00
0.000000e+00
0.000000e+00
0.000000e+00
0.000000e+00
0.000000e+00
0.000000e+00
0.000000e+00
0.000000e+00
0.000000e+00
0.000000e+00
0.000000e+00
0.000000e+00
0.000000e+00
0.000000e+00
0.000000e+00
0.000000e+00
0.000000e+00
0.000000e+00
0.000000e+00
0.000000e+00
0.000000e+00
0.000000e+00
0.000000e+00
0.000000e+00
0.000000e+00
0.000000e+00
0.000000e+00
0.000000e+00
0.000000e+00
0.000000e+00
0.000000e+00
0.000000e+00
0.000000e+00
0.000000e+00
0.000000e+00
3.259505e+161
7.520191e-68
1.035770e+151
1.442806e-13
6.787408e+78
1.660417e-71
3.576939e+72
7.063527e+150
4.782046e+180
4.824089e+228
4.826760e+233
1.085348e-42
3.265785e-32
1.219520e+165
6.235648e+174
3.620129e+72
7.063527e+150
2.780040e+180
7.985785e+151
6.787407e+78
1.673516e+243
6.021755e+151
9.273485e+242
5.801329e-13
5.148188e+64
3.511509e+151
7.345117e+223
3.299780e+180
7.977059e+115
2.601435e-13
4.009638e+78
9.368160e+25
1.272639e+58
1.389836e+93
8.576183e-86
1.770951e+21
8.949253e+73
1.022847e-307
5.155199e+25
5.309713e+06
3.118946e+161
6.741967e+199
1.418385e+161
7.895779e+150
1.885579e+122
2.118715e+102
7.912380e+102
1.198331e+151
1.546355e+271
8.199489e+06
4.799105e+30
2.258927e-80
1.833299e+190
1.291859e+160
1.482210e-71
1.110707e+253
8.381139e+169
9.833859e+25
1.686961e+69
2.586256e+40
7.340386e+223
1.452607e+98
8.216917e+06
8.156019e+44
3.397577e+112
1.658655e-71
2.079289e+45
4.666327e-62
8.503225e+102
3.786393e+262
1.370215e-90
1.723662e+88
8.949253e+73
2.325935e+160
1.158935e-12
2.771438e+257
8.907518e+252
1.356173e+248
1.398045e-76
1.240204e+69
5.027079e+88
1.294819e+98
7.768736e+54
1.388325e+93
3.947178e+252
3.033326e+180
1.025965e+189
2.880679e+214
5.745679e+203
1.000375e+74
2.049782e-28
3.063710e-57
6.610044e-62
2.043268e-28
4.674847e-62
6.610044e-62
1.421794e-23
1.747944e-76
9.884816e+169
1.588197e-23
1.747963e-76
1.444667e+218
1.219297e-12
2.141686e+190
9.887787e+169
2.171454e-28
7.504171e-67
4.333832e-57
1.919072e-23
9.191581e-72
2.837174e+161
2.170961e-28
9.191599e-72
9.164696e+242
2.170961e-28
9.191461e-72
2.837174e+161
2.170961e-28
9.191383e-72
5.115311e+281
2.170961e-28
9.191444e-72
5.115311e+281
1.088448e-71
2.545789e-76
4.319456e+251
1.088448e-71
2.542096e-76
4.319456e+251
1.088448e-71
2.542411e-76
3.422225e+280
2.855047e-105
1.088448e-71
9.191598e-72
4.207708e+281
2.855047e-105
1.421794e-23
1.501950e-12
2.636848e-86
6.610044e-62
2.545804e-76
8.685409e+164
1.088448e-71
9.191598e-72
1.859370e+166
2.170961e-28
2.521518e-76
4.319456e+251
2.170961e-28
9.191391e-72
4.516047e+233
2.170961e-28
9.191529e-72
3.258947e+161
2.170961e-28
9.191529e-72
2.696583e+161
2.170961e-28
9.191529e-72
1.156747e+214
2.170961e-28
9.191417e-72
9.923203e+228
2.170961e-28
2.542074e-76
6.763216e-43
2.170961e-28
1.421794e-23
8.010191e+165
2.855047e-105
1.421794e-23
4.257083e+180
2.675832e-28
9.191426e-72
8.022111e+218
2.675832e-28
9.191486e-72
1.802290e+190
2.675832e-28
9.191487e-72
2.247841e+190
2.675832e-28
9.191486e-72
6.006464e+233
2.675832e-28
9.191426e-72
9.654403e+199
2.007833e-52
2.539381e-76
6.590966e+246
2.007833e-52
1.500902e-12
2.636854e-86
6.610044e-62
1.386322e-12
2.636854e-86
6.610044e-62
6.661812e-13
2.636854e-86
1.421794e-23
2.266516e+261
2.856750e-105
1.421794e-23
9.888937e+165
2.675832e-28
9.191486e-72
3.624239e+233
2.675832e-28
9.191562e-72
3.624239e+233
2.007833e-52
2.537696e-76
1.534579e+237
2.675832e-28
9.191565e-72
2.045674e+219
2.675832e-28
9.191426e-72
1.604422e+219
2.856750e-105
9.191392e-72
1.493396e+214
2.675832e-28
9.191452e-72
1.493396e+214
2.675832e-28
9.191564e-72
1.560726e+214
2.856750e-105
6.610044e-62
6.363209e-13
2.636854e-86
6.610044e-62
1.276640e-12
2.636854e-86
6.610044e-62
6.374229e-13
2.636854e-86
6.610044e-62
1.387209e-12
2.636854e-86
6.609094e-62
2.544087e-76
1.602175e+184
6.609094e-62
4.889896e-13
2.636855e-86
6.609094e-62
4.882575e+199
2.857176e-105
1.339076e-23
6.388892e-61
2.857176e-105
1.339076e-23
1.305146e+190
2.857176e-105
6.609094e-62
1.272197e-12
2.636855e-86
6.609094e-62
1.499011e+248
2.857176e-105
1.339076e-23
4.836269e+233
2.802049e-28
6.835465e+25
3.786399e+262
1.370215e-90
1.083980e+16
1.261605e+45
2.112616e+35
1.686961e+69
3.700234e+227
4.233560e+175
2.899754e+20
5.179751e+160
1.243904e+180
7.973580e+115
1.657560e+151
1.663511e+243
2.644808e+180
1.207098e+199
5.003559e+223
1.499048e+161
8.200525e+06
3.699035e+54
1.481258e+248
2.133245e-81
2.470174e-80
2.919048e+06
7.396476e+97
6.871107e+246
3.677199e+228
6.978392e+252
2.879083e+214
8.081364e+115
9.948762e+44
3.864437e-81
2.466079e-80
1.236796e+224
3.890283e-80
5.262451e+233
9.570844e+175
8.291185e+270
1.167329e+98
1.723872e+45
6.978392e+252
3.858779e-81
9.045274e+164
3.816930e+180
1.366211e+161
2.930582e+256
1.170758e+214
2.930582e+256
1.170758e+214
1.481202e+248
3.483049e-81
3.070792e-27
8.991564e+164
3.890283e-80
2.930590e+256
1.170758e+214
3.485615e-81
7.340386e+223
5.150742e+64
1.162748e+166
8.046337e+78
7.890429e+73
1.513587e-13
1.052079e-89
2.788742e+45
1.422831e+16
3.786426e+262
1.370215e-90
9.367812e+25
2.104254e+122
2.343655e+77
3.816930e+180
1.998870e+161
4.704221e+78
1.300984e-13
4.973539e+180
3.949488e+64
2.381950e+93
2.764432e+257
8.7